Пример работы программы 

1)В подматрице E сумма чисел по периметру области 1 больше, чем количество нулей по периметру области 4:
-----Результат работы программы-------
Введите количество строк (столбцов) квадратной матрицы в интервале от 6 до 100:8
Введите число К=5
матрица F, промежуточное время = 0.00 seconds.
    0     0     0     0     0     0     0     0 
    0     0     0     0     0     0     0     0 
    0     0     0     0     0     0     0     0 
    0     0     0     0     0     0     0     0 
    0     0     0     0     0     0     0     0 
    0     0     0     0     0     0     0     0 
    0     0     0     0     0     0     0     0 
    0     0     0     0     0     0     0     0 
матрица A, промежуточное время = 0.33 seconds.
    0     1     1     1     1     1     1     0 
    4     0     1     1     1     1     0     2 
    4     4     0     1     1     0     2     2 
    4     4     4     0     0     2     2     2 
    4     4     4     0     0     2     2     2 
    4     4     0     0     3     0     2     2 
    4     0     0     0     3     3     0     2 
    0     0     0     0     3     3     3     0 
матрица F, промежуточное время = 0.31 seconds.
    0     1     1     1     1     1     1     0 
    4     0     1     1     1     1     0     2 
    4     4     0     1     1     0     2     2 
    4     4     4     0     0     2     2     2 
    4     4     4     0     0     2     2     2 
    4     4     0     0     3     0     2     2 
    4     0     0     0     3     3     0     2 
    0     0     0     0     3     3     3     0 
матрица E, промежуточное время = 0.31 seconds.
    0     1     1     1 
    4     0     1     1 
    4     4     0     1 
    4     4     4     0 
В подматрице E сумма чисел по периметру области 1 больше, чем количество нулей по периметру области 4
матрица C, промежуточное время = 0.11 seconds.
    0     2     2     2 
    3     0     2     2 
    3     3     0     2 
    3     3     3     0 
матрица C, промежуточное время = 0.11 seconds.
    0     3     3     3 
    3     0     3     2 
    3     2     0     2 
    2     2     2     0 
матрица F, промежуточное время = 0.11 seconds.
    0     1     1     1     1     1     1     0 
    4     0     1     1     1     1     0     2 
    4     4     0     1     1     0     2     2 
    4     4     4     0     0     2     2     2 
    4     4     4     0     0     3     3     3 
    4     4     0     0     3     0     3     2 
    4     0     0     0     3     2     0     2 
    0     0     0     0     2     2     2     0 
матрица A^T, промежуточное время = 0.58 seconds.
    0     4     4     4     4     4     4     0 
    1     0     4     4     4     4     0     0 
    1     1     0     4     4     0     0     0 
    1     1     1     0     0     0     0     0 
    1     1     1     0     0     3     3     3 
    1     1     0     2     2     0     3     3 
    1     0     2     2     2     2     0     3 
    0     2     2     2     2     2     2     0 
матрица K*A^T, промежуточное время = 0.35 seconds.
    0    20    20    20    20    20    20     0 
    5     0    20    20    20    20     0     0 
    5     5     0    20    20     0     0     0 
    5     5     5     0     0     0     0     0 
    5     5     5     0     0    15    15    15 
    5     5     0    10    10     0    15    15 
    5     0    10    10    10    10     0    15 
    0    10    10    10    10    10    10     0 
матрица (K*A^T)*A, промежуточное время = 0.37 seconds.
   24    16     9     2     8     8    10    13 
   16    20    12     5    12    13    18     9 
   32    12    16     8    18    21    13    17 
   48    28     8    12    28    16    22    24 
   48    28     8    12    28    16    22    24 
   36    16    20     8    18    25    17    21 
   24    28    16     4    17    17    26    15 
   36    24    12     0    18    15    18    21 
матрица F^T, промежуточное время = 0.34 seconds.
    0     4     4     4     4     4     4     0 
    1     0     4     4     4     4     0     0 
    1     1     0     4     4     0     0     0 
    1     1     1     0     0     0     0     0 
    1     1     1     0     0     3     3     2 
    1     1     0     2     3     0     2     2 
    1     0     2     2     3     3     0     2 
    0     2     2     2     3     2     2     0 
матрица K*F^T, промежуточное время = 0.37 seconds.
    0    20    20    20    20    20    20     0 
    5     0    20    20    20    20     0     0 
    5     5     0    20    20     0     0     0 
    5     5     5     0     0     0     0     0 
    5     5     5     0     0    15    15    10 
    5     5     0    10    15     0    10    10 
    5     0    10    10    15    15     0    10 
    0    10    10    10    15    10    10     0 
матрица ((K*A^T)*A)+K*F^T, промежуточное время = 0.41 seconds.
   24    36    29    22    28    28    30    13 
   21    20    32    25    32    33    18     9 
   37    17    16    28    38    21    13    17 
   53    33    13    12    28    16    22    24 
   53    33    13    12    28    31    37    34 
   41    21    20    18    33    25    27    31 
   29    28    26    14    32    32    26    25 
   36    34    22    10    33    25    28    21 
Program time: 3.877990961074829 seconds.
2)В подматрице E количество нулей по периметру области 4 больше, чем сумма чисел по периметру области 1
-----Результат работы программы-------
Введите количество строк (столбцов) квадратной матрицы в интервале от 6 до 100:6
Введите число К=5
матрица F, промежуточное время = 0.00 seconds.
    0     0     0     0     0     0 
    0     0     0     0     0     0 
    0     0     0     0     0     0 
    0     0     0     0     0     0 
    0     0     0     0     0     0 
    0     0     0     0     0     0 
матрица A, промежуточное время = 0.23 seconds.
    0     1     1     1     1     0 
    4     0     1     1     0     2 
    4     4     0     0     2     2 
    4     4     0     0     2     2 
    4     0     0     3     0     2 
    0     0     0     3     3     0 
матрица F, промежуточное время = 0.22 seconds.
    0     1     1     1     1     0 
    4     0     1     1     0     2 
    4     4     0     0     2     2 
    4     4     0     0     2     2 
    4     0     0     3     0     2 
    0     0     0     3     3     0 
матрица E, промежуточное время = 0.23 seconds.
    0     1     1 
    4     0     1 
    4     4     0 
В подматрице E количество нулей по периметру области 4 больше, чем сумма чисел по периметру области 1
матрица F, промежуточное время = 0.23 seconds.
    1     1     0     0     1     1 
    1     0     2     4     0     1 
    0     2     2     4     4     0 
    4     4     0     0     2     2 
    4     0     0     3     0     2 
    0     0     0     3     3     0 
матрица A^T, промежуточное время = 0.32 seconds.
    0     4     4     4     4     0 
    1     0     4     4     0     0 
    1     1     0     0     0     0 
    1     1     0     0     3     3 
    1     0     2     2     0     3 
    0     2     2     2     2     0 
матрица K*A^T, промежуточное время = 0.24 seconds.
    0    20    20    20    20     0 
    5     0    20    20     0     0 
    5     5     0     0     0     0 
    5     5     0     0    15    15 
    5     0    10    10     0    15 
    0    10    10    10    10     0 
матрица (K*A^T)*A, промежуточное время = 0.26 seconds.
    9     6     4    11     6     5 
    8    10     2    10    16     6 
   16     4     8    28    10    12 
   16     4     8    28    10    12 
   16    16     0     6    16    10 
   24    12     0     9     6    12 
матрица F^T, промежуточное время = 0.29 seconds.
    1     1     0     4     4     0 
    1     0     2     4     0     0 
    0     2     2     0     0     0 
    0     4     4     0     3     3 
    1     0     4     2     0     3 
    1     1     0     2     2     0 
матрица K*F^T, промежуточное время = 0.23 seconds.
    5     5     0    20    20     0 
    5     0    10    20     0     0 
    0    10    10     0     0     0 
    0    20    20     0    15    15 
    5     0    20    10     0    15 
    5     5     0    10    10     0 
матрица ((K*A^T)*A)+K*F^T, промежуточное время = 0.20 seconds.
   14    11     4    31    26     5 
   13    10    12    30    16     6 
   16    14    18    28    10    12 
   16    24    28    28    25    27 
   21    16    20    16    16    25 
   29    17     0    19    16    12 
Program time: 2.4125802516937256 seconds.
